0 FILE 8458 - Silver Truck (B).ldr
0 Silver Truck (B)
0 Name: 8458 - Silver Truck (B).ldr
0 Author: Javier Orquera [Kuramapika1]
0 !LDRAW_ORG Unofficial_Model
0 !LICENSE Redistributable under CCAL version 2.0 : see CAreadme.txt
0 !THEME Technic
0 !HISTORY 2022-06-08 [Kuramapika1] Creation
1 0 650.1361 -464.4586 47.77848 0.190941 -0.981602 0 -0.981602 -0.190941 -0.000001 0.000001 0.000001 -1 64871.dat
1 0 630.5022 -468.2776 187.712 0.981601 0 -0.190942 0.190942 0.000001 0.981601 0.000001 -1 0.000001 32054.dat
1 0 601.0541 -474.0058 187.7118 0.981602 -0.190941 0 0.190942 0.981602 0 0 0 1 32062.dat
1 0 626.5648 -448.0319 187.7118 0 0.190941 0.981601 0 -0.981602 0.190942 1 0 0 6536.dat
1 0 626.6838 -448.6456 177.778 0 -0.190941 0.981602 0 0.981602 0.190941 -1 0 0 3705.dat
1 0 626.6837 -448.6456 157.778 0 0.190941 0.981601 0 -0.981602 0.190941 1 0 0 32291.dat
1 0 625.9833 -448.9439 227.9755 0.000001 -0.98165 0.19069 0 -0.19069 -0.98165 1 0.000001 -0.000001 32054.dat
1 0 529.9244 -477.0484 227.9738 0.98165 -0.19069 0.000013 0.19069 0.98165 -0.000065 0.000002 0.000066 1 3895.dat
1 0 429.9479 -486.7911 217.9743 -0.00001 0.000121 1 0.000065 1 -0.000121 -1 0.000065 -0.00001 2780.dat
1 0 389.9466 -496.2856 207.9742 1 0.000121 0.00001 -0.000121 1 -0.000065 -0.00001 0.000065 1 3894.dat
1 0 369.948 -486.782 197.975 0 0 1 0 1 0 -1 0 0 2780.dat
1 0 393.946 -506.785 187.973 -1 0 0 0 1 0 0 0 -1 3705.dat
1 0 379.945 -506.783 187.973 1 0 0 0 1 0 0 0 1 32291.dat
1 0 339.945 -506.778 187.974 -1 0 0 0 0 1 0 1 0 32054.dat
1 0 339.9438 -506.769 47.97394 -0.00012 1 0.000011 -1 -0.00012 -0.000066 -0.000066 -0.000011 1 64871.dat
1 0 329.9439 -506.7692 67.97426 -1 0.000121 -0.00001 0.000121 1 0.000065 0.00001 0.000065 -1 32062.dat
1 1 324.9437 -506.766 27.97483 -0.00012 1 0.000011 -1 -0.00012 -0.000066 -0.000066 -0.000011 1 6632.dat
1 0 329.9435 -506.7666 27.97434 -1 0.000121 -0.00001 0.000121 1 0.000065 0.00001 0.000065 -1 32062.dat
1 1 314.9438 -506.7647 27.97483 -0.00012 1 0.000011 -1 -0.00012 -0.000066 -0.000066 -0.000011 1 6632.dat
1 0 319.942 -506.7586 -72.02632 1 -0.00001 0.00012 -0.00012 0.000065 1 -0.00001 -1 0.000065 4519.dat
1 1 319.941 -506.753 -152.027 0 -1 0 0 0 -1 1 0 0 32009.dat
1 7 329.9607 -346.7541 -152.0162 -1 0.00012 -0.00001 0.00012 1 0.000065 0.00001 0.000065 -1 3749.dat
1 0 309.942 -506.759 -42.024 0 0 1 1 0 0 0 1 0 32188.dat
1 0 319.9468 -506.7744 167.9758 -1 0 0.000137 0.000137 -0.000065 1 0 1 0.000065 4519.dat
1 1 319.946 -506.78 247.974 0 1 0 0 0 -1 -1 0 0 32009.dat
1 7 329.9662 -346.78 247.9836 -1 0.00012 -0.00001 0.00012 1 0.000065 0.00001 0.000065 -1 3749.dat
1 0 309.9446 -506.7713 137.9757 -0.000121 -0.000008 1 -1 0.000065 -0.000121 -0.000065 -1 -0.000008 32189.dat
1 0 369.9526 -466.7856 247.9762 -0.000122 -0.000011 1 -1 0.000065 -0.000122 -0.000065 -1 -0.000011 6538b.dat
1 8 339.9524 -466.7821 247.9766 -1 -0.000011 -0.000122 0.000122 0.000065 -1 0.000011 -1 -0.000065 6587.dat
1 14 519.974 -266.796 127.362 0 1 0 0 0 1 1 0 0 6536.dat
1 0 519.975 -266.797 147.362 0 0 1 0 1 0 -1 0 0 3705.dat
1 14 519.975 -266.799 168.362 0 1 0 0 0 1 1 0 0 6536.dat
1 0 439.975 -266.788 147.363 1 0 0 0 0 1 0 -1 0 32009.dat
1 0 440.455 -426.788 147.353 0 0 1 0 1 0 -1 0 0 32062.dat
1 14 519.974 -266.795 112.362 0 0 -1 -1 0 0 0 1 0 6632.dat
1 14 519.975 -266.8 183.362 0 0 -1 -1 0 0 0 1 0 6632.dat
1 14 440.462 -366.786 127.357 1 0 0 0 0 -1 0 1 0 2825.dat
1 14 440.463 -366.789 167.357 -1 0 0 0 0 -1 0 -1 0 2825.dat
1 0 440.462 -366.787 147.357 0 -1 0 0 0 1 -1 0 0 3705.dat
1 0 479.975 -266.793 147.363 0 0 1 0 1 0 -1 0 0 3705.dat
1 14 440.469 -306.785 117.361 -1 0 0 0 0 -1 0 -1 0 2825.dat
1 14 459.974 -266.789 127.363 0 0 -1 0 -1 0 -1 0 0 32039.dat
1 14 440.47 -306.789 177.361 1 0 0 0 0 -1 0 1 0 2825.dat
1 14 459.976 -266.792 167.986 0 0 -1 0 -1 0 -1 0 0 32039.dat
1 0 449.9755 -266.7903 167.9865 -1 0.000122 -0.000011 0.000122 1 0.000065 0.000011 0.000065 -1 32062.dat
1 0 444.9804 -226.789 167.9891 -0.00001 1 -0.000122 0.000065 -0.000122 -1 -1 -0.00001 -0.000065 6632.dat
1 0 434.9803 -226.7885 167.9893 -0.00001 1 -0.000122 0.000065 -0.000122 -1 -1 -0.00001 -0.000065 6632.dat
1 0 419.974 -266.784 127.364 -1 0 0 0 1 0 0 0 -1 32073.dat
1 0 389.9803 -226.7823 167.9898 -1 0.000122 -0.000011 0.000122 1 0.000065 0.000011 0.000065 -1 3706.dat
1 7 369.9614 -386.785 247.9797 1 -0.000122 -0.000011 -0.000122 -1 0.000066 -0.000011 -0.000065 -1 3749.dat
1 0 379.9811 -226.7863 248.4901 -0.000011 -1 0.000122 0.000065 0.000122 1 -1 0.000011 0.000065 32009.dat
1 0 359.974 -266.777 127.364 0 0 -1 -1 0 0 0 1 0 32013.dat
1 0 339.979 -226.775 167.991 1 0 0 0 0 1 0 -1 0 6536.dat
1 0 399.9785 -226.7763 47.98895 -0.000123 -1 -0.000011 -1 0.000123 0.000064 -0.000064 0.000011 -1 64871.dat
1 7 359.9828 -206.78 177.9921 -0.000011 -0.000122 -1 0.000065 -1 0.000122 -1 -0.000065 0.000011 32291.dat
1 7 359.9828 -206.7806 187.9919 -0.000011 1 -0.000123 0.000064 -0.000123 -1 -1 -0.000011 -0.000064 3749.dat
1 7 419.9796 -206.7717 -62.00945 -0.000011 -0.000122 -1 0.000065 -1 0.000122 -1 -0.000065 0.000011 32291.dat
1 0 419.9798 -206.7736 -32.00952 0.000011 -0.000122 1 -0.000065 -1 -0.000122 1 -0.000065 -0.000011 3707.dat
1 7 419.9802 -206.7769 17.99071 -0.000011 -0.000122 -1 0.000065 -1 0.000122 -1 -0.000065 0.000011 32291.dat
1 0 419.9807 -206.7788 47.99057 1 -0.000122 -0.000011 -0.000122 -1 0.000065 -0.000011 -0.000065 -1 6538b.dat
1 7 419.9793 -206.2703 -82.00956 1 0.000122 0.000011 -0.000122 1 -0.000065 -0.000011 0.000065 1 3713.dat
1 0 419.9815 -206.7839 127.9904 0.000011 -0.000122 1 -0.000065 -1 -0.000122 1 -0.000065 -0.000011 3707.dat
1 7 419.982 -206.7859 157.9903 -0.000011 -0.000122 -1 0.000065 -1 0.000122 -1 -0.000065 0.000011 32291.dat
1 7 419.9811 -206.7807 77.99036 -0.000011 -0.000122 -1 0.000065 -1 0.000122 -1 -0.000065 0.000011 32291.dat
1 7 419.9822 -206.2872 177.9903 -1 0.000122 -0.000011 0.000122 1 0.000065 0.000011 0.000065 -1 3713.dat
1 0 419.9875 -146.7756 -2.00561 1 0.000011 -0.000122 -0.000122 -0.000065 -1 -0.000011 1 -0.000065 2825.dat
1 0 419.9871 -146.773 -42.00557 -1 -0.000011 -0.000123 0.000122 0.000065 -1 0.000011 -1 -0.000065 2825.dat
1 0 419.9886 -146.782 97.99401 -1 -0.000011 -0.000123 0.000122 0.000065 -1 0.000011 -1 -0.000065 2825.dat
1 0 419.989 -146.7847 137.994 1 0.000011 -0.000122 -0.000122 -0.000065 -1 -0.000011 1 -0.000065 2825.dat
1 0 419.9872 -146.7739 -22.00563 0.000011 -0.000122 1 -0.000065 -1 -0.000122 1 -0.000065 -0.000011 4519.dat
1 7 419.9872 -147.2743 -22.00592 -1 -0.000122 0.00001 0.000122 -1 -0.000065 0.00001 -0.000065 1 3713.dat
1 0 419.989 -146.783 117.9941 -0.000011 -0.000122 -1 0.000065 -1 0.000122 -1 -0.000065 0.000011 4519.dat
1 7 419.9888 -147.283 117.9942 1 -0.000122 -0.00001 -0.000122 -1 0.000065 -0.00001 -0.000065 -1 3713.dat
1 0 499.9825 -206.7985 197.9915 0.000123 -0.00001 -1 1 0.000064 0.000123 0.000064 -1 0.00001 64871.dat
1 0 499.979 -206.7788 -102.0089 -0.000123 -0.000011 1 -1 0.000065 -0.000123 -0.000065 -1 -0.000011 64871.dat
1 7 359.9799 -206.763 -82.00814 0.000011 -0.000122 1 -0.000065 -1 -0.000122 1 -0.000065 -0.000011 32291.dat
1 7 359.9798 -206.7623 -92.00814 0.000011 -1 -0.000122 -0.000065 0.000122 -1 1 0.000011 -0.000065 3749.dat
1 80 349.9565 -416.7834 247.9794 -0.000012 0.000123 1 0.000065 1 -0.000123 -1 0.000065 -0.000012 32190.dat
1 8 676.5201 -254.9539 -132.0137 -0.000011 -0.603989 0.796993 0.000065 0.796993 0.603989 -1 0.000058 0.00003 6587.dat
1 0 639.9783 -206.7926 -142.0104 0.796993 0.000011 0.603989 0.603989 -0.000065 -0.796993 0.000031 1 -0.000058 2825.dat
1 0 676.2184 -254.6136 -122.0137 -0.796993 0.000011 -0.603989 -0.603988 -0.000064 0.796993 -0.00003 1 0.000058 32348.dat
1 0 579.9794 -206.7911 -52.00942 -0.000011 1 -0.000124 0.000065 -0.000124 -1 -1 -0.000011 -0.000065 3707.dat
1 0 579.9791 -206.7892 -82.00938 0.000124 0.000011 1 1 -0.000065 -0.000124 0.000065 1 -0.000011 32140.dat
1 0 579.9799 -206.1687 -12.00934 0.000011 -0.000124 1 -0.000065 -1 -0.000124 1 -0.000065 -0.000011 6536.dat
1 7 579.9794 -206.7906 -62.00962 -0.000011 -0.000124 -1 0.000065 -1 0.000124 -1 -0.000065 0.000011 32291.dat
1 7 579.98 -206.7947 2.99049 -0.000124 1 0.000011 -1 -0.000124 -0.000065 -0.000065 -0.000011 1 32123a.dat
1 7 579.9803 -206.7963 27.99053 -0.000124 1 0.000011 -1 -0.000124 -0.000065 -0.000065 -0.000011 1 6538b.dat
1 7 579.9794 -206.7915 -47.0095 -0.000124 1 0.000011 -1 -0.000124 -0.000065 -0.000065 -0.000011 1 32123a.dat
1 0 579.9805 -206.7977 47.99061 -0.000011 1 -0.000124 0.000065 -0.000124 -1 -1 -0.000011 -0.000065 32062.dat
1 7 579.9807 -206.7989 67.99068 -0.000124 1 0.000011 -1 -0.000124 -0.000065 -0.000065 -0.000011 1 6538b.dat
1 0 579.9817 -206.804 147.9908 -0.000011 1 -0.000123 0.000065 -0.000124 -1 -1 -0.000011 -0.000065 3707.dat
1 8 676.1339 -254.703 227.9864 0.000011 -0.602519 -0.798105 -0.000065 0.798105 -0.602519 1 0.000058 -0.00003 6587.dat
1 0 639.983 -206.8177 237.9897 -0.798105 -0.000011 0.602519 -0.602519 0.000065 -0.798105 -0.000031 -1 -0.000058 2825.dat
1 0 676.1339 -254.7027 217.9862 -0.798105 0.000011 -0.602519 -0.602519 -0.000064 0.798105 -0.00003 1 0.000058 32348.dat
1 0 579.9819 -206.806 177.9906 0.000124 0.000011 1 1 -0.000065 -0.000124 0.000065 1 -0.000011 32140.dat
1 0 579.9812 -206.1765 107.9907 0.000011 -0.000124 1 -0.000065 -1 -0.000124 1 -0.000065 -0.000011 6536.dat
1 7 579.9816 -206.8049 157.9905 0.000011 -0.000124 1 -0.000065 -1 -0.000124 1 -0.000065 -0.000011 32291.dat
1 7 579.981 -206.8005 92.99083 -0.000124 1 0.000011 -1 -0.000124 -0.000065 -0.000065 -0.000011 1 32123a.dat
1 7 579.9815 -206.8038 142.9906 -0.000124 1 0.000011 -1 -0.000124 -0.000065 -0.000065 -0.000011 1 32123a.dat
1 7 539.9823 -206.8018 177.9912 -0.000011 -0.000122 -1 0.000065 -1 0.000122 -1 -0.000065 0.000011 32291.dat
1 7 539.9824 -206.8024 187.9913 -0.00001 0.000123 1 0.000064 1 -0.000123 -1 0.000064 -0.00001 3749.dat
1 7 539.9794 -206.7851 -82.0084 -0.000011 -0.000122 -1 0.000065 -1 0.000122 -1 -0.000065 0.000011 32291.dat
1 7 539.9792 -206.7843 -92.0083 0.00001 0.000122 -1 -0.000065 1 0.000122 1 0.000065 0.00001 3749.dat
1 80 349.9512 -416.7574 -152.0207 -0.000011 0.000122 1 0.000065 1 -0.000122 -1 0.000065 -0.000011 32191.dat
1 7 369.9551 -386.7602 -152.019 1 -0.000122 -0.000011 -0.000122 -1 0.000065 -0.000011 -0.000065 -1 3749.dat
1 0 379.976 -226.7612 -152.509 0.000011 1 0.000122 -0.000065 -0.000122 1 1 -0.000011 0.000065 32009.dat
1 0 379.9766 -226.7664 -72.00863 -1 0.000122 -0.000011 0.000122 1 0.000065 0.000011 0.000065 -1 32073.dat
1 0 339.978 -226.76 -72.008 -1 0 0 0 0 1 0 1 0 6536.dat
1 0 559.9794 -206.7869 -112.0088 0 0 1 0 1 0 -1 0 0 2780.dat
1 0 543.1605 -242.0527 -122.0121 -0.903122 0 0.429385 0.429385 -0.000047 0.903122 0.00002 1 0.000042 32316.dat
1 0 660.8031 -354.1656 -152.017 0.249172 -0.968459 0 0.968459 0.249172 -0.000046 0.000045 0.000011 1 3895.dat
1 0 661.8934 -313.6067 -22.01773 0.000007 -0.244423 0.969669 -0.000065 -0.969669 -0.244423 1 -0.00006 -0.000027 3705.dat
1 0 661.8939 -313.6093 17.98236 0.969669 -0.244423 -0.000007 -0.244423 -0.969669 0.000065 -0.000026 -0.00006 -1 6538b.dat
1 0 661.8942 -313.6112 47.98232 0.000007 -0.244423 0.969669 -0.000065 -0.969669 -0.244423 1 -0.00006 -0.000027 4519.dat
1 0 661.8929 -313.6041 -62.01773 0.969669 -0.244423 -0.000007 -0.244423 -0.969669 0.000065 -0.000026 -0.00006 -1 6538b.dat
1 0 661.8927 -313.6028 -82.01781 0.000007 -0.244423 0.969669 -0.000065 -0.969669 -0.244423 1 -0.00006 -0.000027 32062.dat
1 0 661.8944 -313.6132 77.98241 0.969669 -0.244423 -0.000007 -0.244423 -0.969669 0.000065 -0.000026 -0.00006 -1 6538b.dat
1 0 661.8925 -313.6015 -102.0179 0.969669 -0.244423 -0.000007 -0.244423 -0.969669 0.000065 -0.000026 -0.00006 -1 6538b.dat
1 0 661.8948 -313.6158 117.984 0.000007 -0.244423 0.969669 -0.000065 -0.969669 -0.244423 1 -0.00006 -0.000027 3705.dat
1 0 661.8925 -313.6015 -132.018 0 -0.244304 0.969699 0 -0.969699 -0.244304 1 0 0 4519.dat
1 0 661.8952 -313.6184 157.984 0.969669 -0.244423 -0.000007 -0.244423 -0.969669 0.000065 -0.000026 -0.00006 -1 6538b.dat
1 0 661.8956 -313.6197 177.9841 0.000007 -0.244423 0.969669 -0.000065 -0.969669 -0.244423 1 -0.00006 -0.000027 32062.dat
1 0 661.8958 -313.6209 197.9842 0.969669 -0.244423 -0.000007 -0.244423 -0.969669 0.000065 -0.000026 -0.00006 -1 6538b.dat
1 0 661.8961 -313.6229 227.9839 0.000007 -0.244423 0.969669 -0.000065 -0.969669 -0.244423 1 -0.00006 -0.000027 4519.dat
1 0 661.5701 -313.0615 -127.0146 0.249173 0 -0.968459 0.968459 0.000045 0.249173 0.000044 -1 0.000011 32250.dat
1 7 671.5367 -274.3224 -142.0131 0 -0.968459 -0.249172 -0.000047 0.249172 -0.968459 1 0.000012 -0.000045 3749.dat
1 0 661.5704 -313.0611 -137.0148 0.249173 0 -0.968459 0.968459 0.000045 0.249173 0.000044 -1 0.000011 32250.dat
1 0 661.3368 -313.4792 222.9836 0.253744 -0.000006 -0.967271 0.967272 0.000064 0.253744 0.000059 -1 0.000026 32250.dat
1 7 671.4863 -274.7892 237.9865 -0.000006 -0.967272 0.253744 0.000065 0.253744 0.967272 -1 0.000026 0.000061 3749.dat
1 0 661.3366 -313.4798 232.9837 0.253744 -0.000006 -0.967271 0.967272 0.000064 0.253744 0.000059 -1 0.000026 32250.dat
1 7 584.0936 -293.1269 -142.0135 0 -0.968459 -0.249172 -0.000047 0.249172 -0.968459 1 0.000012 -0.000045 3749.dat
1 7 583.9551 -293.1806 237.9859 -0.000006 -0.967271 0.253744 0.000065 0.253745 0.967271 -1 0.000026 0.000061 3749.dat
1 0 660.4424 -354.5887 247.981 0.252674 -0.967551 0.000007 0.967552 0.252674 -0.000065 0.00006 0.000027 1 3895.dat
1 0 542.9882 -292.3601 -152.0146 0.968459 0.249172 0 -0.249172 0.968459 -0.000046 -0.000011 0.000045 1 2730.dat
1 7 525.9864 -278.1784 -107.0136 -0.249172 0.968459 0 -0.968459 -0.249172 -0.000046 -0.000045 -0.000011 1 32123a.dat
1 8 525.9859 -278.1773 -130.0137 0 0.968459 0.249172 -0.000046 -0.249172 0.968459 1 -0.000011 0.000045 6587.dat
1 0 467.8788 -263.2269 -132.013 -0.249173 0 0.968459 -0.968459 0.000046 -0.249173 -0.000045 -1 -0.000012 2825.dat
1 7 467.8786 -263.2263 -142.0129 0 -0.96846 -0.249172 -0.000047 0.249172 -0.968459 1 0.000012 -0.000045 3749.dat
1 0 542.8525 -292.2204 247.9856 0.967271 0.253744 0.000007 -0.253744 0.967272 -0.000065 -0.000027 0.00006 1 2730.dat
1 7 525.9418 -277.8585 202.9872 -0.251367 -0.967892 -0.000007 -0.967892 0.251367 0.000065 -0.00006 0.000027 -1 32123a.dat
1 8 525.9423 -277.86 225.9871 -0.000007 -0.967892 0.251367 0.000065 0.251367 0.967892 -1 0.000027 0.00006 6587.dat
1 0 467.8687 -262.778 227.9885 0.251368 0.000007 0.967892 0.967892 -0.000065 -0.251367 0.00006 1 -0.000027 2825.dat
1 7 467.881 -262.731 237.9886 -0.000006 -0.967892 0.251368 0.000065 0.251368 0.967892 -1 0.000026 0.000061 3749.dat
1 0 656.304 -332.8366 257.9821 0 0 -1 0 1 0 1 0 0 2780.dat
1 0 645.5141 -341.429 267.982 -0.996195 0.087156 0 0.087156 0.996195 0 0 0 -1 32000.dat
1 0 636.3801 -331.0935 287.982 0 -0.996195 -0.087156 0 0.087156 -0.996195 1 0 0 6558.dat
1 0 636.0941 -371.0926 307.9818 0.999975 -0.000001 0.00715 -0.007149 -0.000001 0.999975 -0.000001 -1 -0.000001 32316.dat
1 7 635.8082 -411.0916 257.9818 -0.000001 0.007148 -0.999975 -0.000001 0.999975 0.007148 1 0.000001 -0.000001 3749.dat
1 0 635.8082 -411.0916 287.9818 -0.000001 0.007148 -0.999975 -0.000001 0.999975 0.007148 1 0.000001 -0.000001 32054.dat
1 0 636.0941 -371.0926 287.982 0.999975 -0.000001 0.00715 -0.007149 -0.000001 0.999975 -0.000001 -1 -0.000001 32316.dat
1 0 656.5861 -332.4298 -162.0165 0 0 1 0 1 0 -1 0 0 2780.dat
1 0 645.7961 -341.022 -172.0164 0.996195 0.087156 0 -0.087156 0.996195 0 0 0 1 32000.dat
1 0 636.662 -330.6866 -192.0162 0 0.996195 -0.087156 0 -0.087156 -0.996195 -1 0 0 6558.dat
1 0 636.8156 -370.6865 -192.0162 -0.999993 0.000001 -0.003839 -0.003839 -0.000001 0.999993 0.000001 1 0.000001 32316.dat
1 7 636.6523 -409.9064 -162.0195 0.000001 0.000001 1 -0.000001 1 -0.000001 -1 -0.000001 0.000001 3749.dat
1 0 636.9691 -410.6862 -192.016 0.000001 -0.003838 0.999993 -0.000001 0.999993 0.003838 -1 -0.000001 0.000001 32054.dat
1 0 636.8156 -370.6865 -212.0163 -0.999993 0.000001 -0.00384 -0.003839 -0.000001 0.999993 0.000001 1 0.000001 32316.dat
1 8 487.2267 -267.8062 237.9881 -0.000012 0.172763 -0.984963 0.000065 -0.984963 -0.172763 -1 -0.000066 0 32002.dat
1 8 487.2472 -268.2098 -142.0132 -0.000001 0.249172 -0.968459 -0.000046 0.968459 0.249172 1 0.000045 0.000011 32002.dat
1 0 622.8315 -303.0938 -142.0151 0 0.249172 0.968459 0.000046 0.968459 -0.249172 -1 0.000045 -0.000011 2780.dat
1 0 641.9901 -308.4039 217.9838 -0.000011 0.253744 0.967272 0.000065 0.967271 -0.253744 -1 0.00006 -0.000027 2780.dat
1 0 627.875 -283.365 7.986 0.254 0.967 0 0.967 -0.254 0 0 0 -1 32034.dat
1 0 627.875 -283.365 -52.014 0 0.243 -0.97 0 0.97 0.243 1 0 0 32073.dat
1 0 627.876 -283.368 47.986 0 0.254 -0.967 0 0.967 0.254 1 0 0 4519.dat
1 0 627.876 -283.371 87.986 0.254 0.967 0 0.967 -0.254 0 0 0 -1 32034.dat
1 0 627.874 -283.359 -92.014 0.967 0.254 0 -0.254 0.967 0 0 0 1 32039.dat
1 0 627.972 -283.121 -112.013 -0.968 0.249 0 0.249 0.968 -0.001 0 -0.001 -1 4519.dat
1 0 647.3408 -288.1045 -112.0136 -0.968459 -0.249172 0.000004 0.249173 -0.968459 -0.000046 0.000011 -0.000045 1 6536.dat
1 0 627.877 -283.374 147.986 0 0.254 -0.967 0 0.967 0.254 1 0 0 32073.dat
1 0 627.877 -283.373 127.986 0 0.967 0.254 0 -0.254 0.967 1 0 0 6536.dat
1 0 627.877 -283.376 167.986 0 0.967 0.254 0 -0.254 0.967 1 0 0 6536.dat
1 0 627.877 -283.377 187.986 0.967 -0.254 0 -0.254 -0.967 0 0 0 -1 32039.dat
1 0 627.878 -283.378 207.986 -0.967 0.254 0 0.254 0.967 0 0 0 -1 4519.dat
1 0 647.2232 -288.4531 207.9857 -0.967272 -0.253744 0.000011 0.253744 -0.967272 -0.000065 0.000027 -0.00006 1 6536.dat
1 0 627.877 -283.374 147.986 0 -0.967 0.254 0 0.254 0.967 -1 0 0 6536.dat
1 0 608.603 -278.1378 -112.0127 -0.968459 -0.249172 0.000004 0.249173 -0.968459 -0.000046 0.000011 -0.000045 1 6536.dat
1 0 608.5322 -278.3034 207.9869 -0.967272 -0.253744 0.000011 0.253744 -0.967272 -0.000065 0.000027 -0.00006 1 6536.dat
1 7 644.685 -298.123 167.985 -0.254 0 -0.967 -0.967 0 0.254 0 1 0 4274.dat
1 0 642.655 -305.861 157.985 0 0.254 0.967 0 0.967 -0.254 -1 0 0 2431.dat
1 7 644.685 -298.121 127.985 -0.254 0 -0.967 -0.967 0 0.254 0 1 0 4274.dat
1 0 642.201 -308.0782 -122.0154 0 0.249172 0.968459 0.000046 0.968459 -0.249172 -1 0.000045 -0.000011 2780.dat
1 0 603.463 -298.1109 -132.0148 0 -0.249172 -0.968459 0.000046 -0.968459 0.249172 -1 -0.000045 0.000011 6558.dat
1 0 603.2992 -298.2547 227.9846 0.000012 -0.172763 -0.984964 -0.000065 0.984963 -0.172763 1 0.000066 0 6558.dat
1 0 543.1991 -241.7736 217.9893 0.902146 -0.000012 0.431432 -0.431432 0.000065 0.902146 -0.000038 -1 0.000053 32316.dat
1 0 559.9826 -206.8052 207.9912 0 0 1 0 1 0 -1 0 0 2780.dat
1 0 622.6451 -303.3302 237.9841 0.000012 0.172763 0.984964 -0.000065 -0.984963 0.172763 1 -0.000066 0 2780.dat
1 0 626.6851 -448.6455 -62.02234 0 0.190941 0.981601 0 -0.981602 0.190941 1 0 0 32291.dat
1 0 626.6855 -448.6453 -82.0214 0 -0.190942 0.981602 0 0.981602 0.190942 -1 0 0 3705.dat
1 0 626.5668 -448.0318 -92.22158 0 0.190942 0.981602 0 -0.981602 0.190942 1 0 0 6536.dat
1 0 626.6857 -448.6449 -132.0213 -0.000006 -0.981602 -0.190941 0.000033 -0.190941 0.981602 -1 -0.000007 0.000034 32054.dat
1 0 640.3199 -466.3681 -72.02119 -0.981602 0 -0.190941 -0.190941 0 0.981602 0 1 0 2780.dat
1 0 630.5039 -468.2779 -92.22158 0.981601 0 -0.190942 0.190942 0.000001 0.981602 0.000001 -1 0.000001 32054.dat
1 0 601.0561 -474.0058 -92.22211 -0.981602 -0.190941 0 -0.190941 0.981601 0 0 0 -1 32062.dat
1 0 529.9204 -476.9992 -132.0236 0.981601 -0.190942 0.000004 0.190942 0.981601 -0.000019 0.000004 0.00002 1 3895.dat
1 0 429.9458 -486.7682 -122.0239 0.000019 -0.000066 1 0.000014 1 0.000066 -1 0.000014 0.000019 2780.dat
1 0 389.9446 -496.2651 -112.0247 1 0.000086 -0.000017 -0.000086 1 -0.000017 0.000017 0.000017 1 3894.dat
1 0 369.945 -486.7634 -102.0248 0.000019 0.000101 1 0.000015 1 -0.000101 -1 0.000015 0.000019 2780.dat
1 0 389.9426 -506.7659 -92.02481 -1 0.00012 0.000012 0.00012 1 0.000017 -0.000012 0.000017 -1 3705.dat
1 0 379.9428 -506.765 -92.02608 1 0.000121 0.00001 -0.000121 1 -0.000065 -0.00001 0.000065 1 32291.dat
1 0 339.9426 -506.7599 -92.02542 -1 -0.000012 0.000121 0.000121 -0.000016 1 -0.000012 1 0.000016 32054.dat
1 0 389.945 -486.7655 -102.0246 0.000018 0.0001 1 0.000024 1 -0.0001 -1 0.000024 0.000018 2780.dat
1 0 587.0027 -456.2172 -142.0236 -0.000004 -0.190942 0.981602 0.000019 0.981601 0.190942 -1 0.00002 0.000004 2780.dat
1 0 573.3676 -438.4944 -152.0231 0.981601 0.190942 -0.000004 0.190942 -0.981601 0.000021 0.000004 -0.000021 -1 32291.dat
1 0 567.3706 -460.036 -142.0236 -0.000004 -0.190942 0.981602 0.000019 0.981601 0.190942 -1 0.00002 0.000004 2780.dat
1 0 640.3198 -466.3682 -52.08788 -0.981602 0 -0.190941 -0.190941 0 0.981602 0 1 0 2780.dat
1 0 644.8656 -299.0909 107.9846 0.239431 0.970913 -0.00003 0.970913 -0.239431 0.000065 0.000056 -0.000045 -1 32291.dat
1 0 649.6541 -279.6726 107.9857 -0.239431 0.970914 0.00003 -0.970914 -0.239431 -0.000065 -0.000056 -0.000045 1 4519.dat
1 0 654.7936 -256.2212 107.987 -0.239431 0.970914 0.00003 -0.970914 -0.239431 -0.000065 -0.000056 -0.000045 1 6536.dat
1 7 650.1395 -279.7923 107.9858 -0.00003 0.970914 -0.239431 0.000065 -0.239431 -0.970914 -1 -0.000045 -0.000056 3713.dat
1 8 674.8184 -261.1599 117.9852 0.000011 1 0.000122 -0.000064 -0.000122 1 1 -0.000011 0.000064 32002.dat
1 0 670.2033 -210.7172 122.9896 -0.996116 0.000006 -0.088056 -0.088056 -0.000066 0.996116 0.000006 1 0.000066 32063.dat
1 0 665.8005 -160.9111 117.993 -0.000011 0.000122 1 0.000065 1 -0.000122 -1 0.000065 -0.000011 6558.dat
1 0 665.8007 -160.913 147.9929 -0.000011 0.000122 1 0.000065 1 -0.000122 -1 0.000065 -0.000011 75535.dat
1 0 665.801 -160.915 177.9928 0.000011 0.000122 -1 -0.000065 1 0.000122 1 0.000065 0.000011 6558.dat
1 80 701.271 -125.673 167.995 -0.705 -0.709 0 0.709 -0.705 0 0 0 1 32190.dat
1 0 679.9897 -146.8205 197.9935 0.000011 0.000122 -1 -0.000065 1 0.000122 1 0.000065 0.000011 6558.dat
1 0 -90.01094 -136.2164 48.00345 -0.000011 0.000122 1 0.000065 1 -0.000122 -1 0.000065 -0.000011 3700.dat
1 7 -100.0077 -112.2165 68.00465 -0.000011 0.000122 1 0.000065 1 -0.000122 -1 0.000065 -0.000011 3709b.dat
1 1 -100.0069 -104.2165 68.00524 -0.000011 0.000122 1 0.000065 1 -0.000122 -1 0.000065 -0.000011 3020.dat
1 7 -100.0061 -96.21453 38.0051 1 0.000122 0.000011 -0.000122 1 -0.000065 -0.000011 0.000065 1 3700.dat
1 7 -120.0107 -136.216 98.00294 1 0.000122 0.000011 -0.000122 1 -0.000065 -0.000011 0.000065 1 2730.dat
1 0 -140.0054 -96.71352 98.00626 1 0.000122 0.000011 -0.000122 1 -0.000065 -0.000011 0.000065 1 3703.dat
1 7 -200.0063 -104.2062 98.00637 1 0.000122 0.000011 -0.000122 1 -0.000065 -0.000011 0.000065 1 3023.dat
1 7 -250.0064 -104.2 98.00671 1 0.000122 0.000011 -0.000122 1 -0.000065 -0.000011 0.000065 1 2420.dat
1 0 -250.0052 -96.20135 118.0072 -0.000011 0.000122 1 0.000065 1 -0.000122 -1 0.000065 -0.000011 6541.dat
1 0 -250.0024 -72.20005 98.00883 0.000011 0.000122 -1 -0.000065 1 0.000122 1 0.000065 0.000011 2420.dat
1 7 -260.0018 -64.19559 48.00953 -0.000011 0.000122 1 0.000065 1 -0.000122 -1 0.000065 -0.000011 3738.dat
1 0 -140.0065 -96.70707 -1.99431 1 0.000122 0.000011 -0.000122 1 -0.000065 -0.000011 0.000065 1 3703.dat
1 7 -200.0072 -104.1997 -1.99424 1 0.000122 0.000011 -0.000122 1 -0.000065 -0.000011 0.000065 1 3023.dat
1 7 -250.0071 -104.1936 -1.99347 -0.000011 0.000122 1 0.000065 1 -0.000122 -1 0.000065 -0.000011 2420.dat
1 0 -250.0065 -96.19229 -21.99298 -0.000011 0.000122 1 0.000065 1 -0.000122 -1 0.000065 -0.000011 6541.dat
1 0 -250.0033 -72.19359 -1.99131 -1 0.000122 -0.000011 0.000122 1 0.000065 0.000011 0.000065 -1 2420.dat
1 0 -250.0017 -56.19288 -11.99018 -0.000011 0.000122 1 0.000065 1 -0.000122 -1 0.000065 -0.000011 32000.dat
1 0 -250.0003 -56.20062 108.0099 -0.000011 0.000122 1 0.000065 1 -0.000122 -1 0.000065 -0.000011 32000.dat
1 0 -50.00812 -112.2213 48.00373 -0.000011 0.000122 1 0.000065 1 -0.000122 -1 0.000065 -0.000011 3460.dat
1 0 -50.00698 -104.2214 48.00484 -0.000011 0.000122 1 0.000065 1 -0.000122 -1 0.000065 -0.000011 3666.dat
1 0 -50.0055 -96.22132 48.00482 0.000011 0.000122 -1 -0.000065 1 0.000122 1 0.000065 0.000011 3701.dat
1 0 -50.00266 -72.22134 48.00653 0.000011 0.000122 -1 -0.000065 1 0.000122 1 0.000065 0.000011 3666.dat
1 0 379.9959 -72.26809 -41.99857 1 0.000122 0.000011 -0.000122 1 -0.000065 -0.000011 0.000065 1 3023.dat
1 7 379.9968 -64.26809 -41.99788 1 0.000122 0.000011 -0.000122 1 -0.000065 -0.000011 0.000065 1 3023.dat
1 0 359.9926 -96.76565 -41.9999 1 0.000122 0.000011 -0.000122 1 -0.000065 -0.000011 0.000065 1 3703.dat
1 7 339.9958 -72.2632 -41.998 -0.000011 0.000122 1 0.000065 1 -0.000122 -1 0.000065 -0.000011 3021.dat
1 0 379.993 -96.269 -22 1 0 0 0 1 0 0 0 1 3702.dat
1 7 339.9978 -64.26904 48.00242 -0.000011 0.000122 1 0.000065 1 -0.000122 -1 0.000065 -0.000011 2445.dat
1 0 379.9978 -72.27975 138.0019 1 0.000122 0.000011 -0.000122 1 -0.000065 -0.000011 0.000065 1 3023.dat
1 7 379.9988 -64.27975 138.0022 1 0.000122 0.000011 -0.000122 1 -0.000065 -0.000011 0.000065 1 3023.dat
1 0 359.9948 -96.77732 138.0001 1 0.000122 0.000011 -0.000122 1 -0.000065 -0.000011 0.000065 1 3703.dat
1 7 339.9977 -72.27488 138.002 -0.000011 0.000122 1 0.000065 1 -0.000122 -1 0.000065 -0.000011 3021.dat
1 0 379.9947 -96.27843 118.0004 1 0.000122 0.000011 -0.000122 1 -0.000065 -0.000011 0.000065 1 3702.dat
1 0 299.9979 -56.25829 -41.99664 1 0.000122 0.000011 -0.000122 1 -0.000065 -0.000011 0.000065 1 2730.dat
1 0 300.0001 -56.26994 138.0033 1 0.000122 0.000011 -0.000122 1 -0.000065 -0.000011 0.000065 1 2730.dat
1 7 239.996 -72.25159 -31.99681 1 0.000122 0.000011 -0.000122 1 -0.000065 -0.000011 0.000065 1 3176.dat
1 7 239.9979 -72.26196 128.0031 -1 0.000122 -0.000011 0.000122 1 0.000065 0.000011 0.000065 -1 3176.dat
1 7 239.997 -64.25161 -31.99623 1 0.000122 0.000011 -0.000122 1 -0.000065 -0.000011 0.000065 1 3176.dat
1 7 239.9988 -64.26196 128.0035 -1 0.000122 -0.000011 0.000122 1 0.000065 0.000011 0.000065 -1 3176.dat
1 0 99.99316 -96.73511 -21.99706 1 0.000122 0.000011 -0.000122 1 -0.000065 -0.000011 0.000065 1 3703.dat
1 0 209.9962 -72.24858 -21.99688 -1 0.000122 -0.000011 0.000122 1 0.000065 0.000011 0.000065 -1 2420.dat
1 7 209.9973 -64.24858 -21.9958 -1 0.000122 -0.000011 0.000122 1 0.000065 0.000011 0.000065 -1 2420.dat
1 0 99.99181 -96.74417 118.0033 1 0.000122 0.000011 -0.000122 1 -0.000065 -0.000011 0.000065 1 3703.dat
1 0 209.998 -72.25764 118.0034 0.000011 0.000122 -1 -0.000065 1 0.000122 1 0.000065 0.000011 2420.dat
1 7 209.9988 -64.25766 118.0041 0.000011 0.000122 -1 -0.000065 1 0.000122 1 0.000065 0.000011 2420.dat
1 0 99.99534 -56.73512 -21.99477 1 0.000122 0.000011 -0.000122 1 -0.000065 -0.000011 0.000065 1 3703.dat
1 0 99.99695 -56.74429 118.0058 1 0.000122 0.000011 -0.000122 1 -0.000065 -0.000011 0.000065 1 3703.dat
1 1 39.9974 -64.22778 -21.99466 1 0.000122 0.000011 -0.000122 1 -0.000065 -0.000011 0.000065 1 3023.dat
1 1 39.99606 -64.23686 118.0059 1 0.000122 0.000011 -0.000122 1 -0.000065 -0.000011 0.000065 1 3023.dat
1 7 -0.00401 -72.22223 -31.99471 1 0.000122 0.000011 -0.000122 1 -0.000065 -0.000011 0.000065 1 3176.dat
1 7 -0.00496 -72.2326 128.0058 -1 0.000122 -0.000011 0.000122 1 0.000065 0.000011 0.000065 -1 3176.dat
1 7 -0.00296 -64.22223 -31.99414 1 0.000122 0.000011 -0.000122 1 -0.000065 -0.000011 0.000065 1 3176.dat
1 7 -0.00115 -64.2326 128.006 -1 0.000122 -0.000011 0.000122 1 0.000065 0.000011 0.000065 -1 3176.dat
1 7 -0.00204 -56.22157 -41.99348 1 0.000122 0.000011 -0.000122 1 -0.000065 -0.000011 0.000065 1 3700.dat
1 7 0.00006 -56.23325 138.0065 1 0.000122 0.000011 -0.000122 1 -0.000065 -0.000011 0.000065 1 3700.dat
1 0 -50.00926 -104.2168 -21.99591 1 0.000122 0.000011 -0.000122 1 -0.000065 -0.000011 0.000065 1 3623.dat
1 0 -50.00765 -104.2259 118.0043 1 0.000122 0.000011 -0.000122 1 -0.000065 -0.000011 0.000065 1 3623.dat
1 7 -50.00383 -64.21741 -11.99325 1 0.000122 0.000011 -0.000122 1 -0.000065 -0.000011 0.000065 1 3021.dat
1 7 -50.00257 -64.2252 108.0069 1 0.000122 0.000011 -0.000122 1 -0.000065 -0.000011 0.000065 1 3021.dat
1 0 -70.00656 -72.21432 -21.99338 1 0.000122 0.000011 -0.000122 1 -0.000065 -0.000011 0.000065 1 2420.dat
1 0 -70.00362 -72.2234 118.0067 -0.000011 0.000122 1 0.000065 1 -0.000122 -1 0.000065 -0.000011 2420.dat
1 0 -70.0079 -96.21431 -21.99521 -0.000011 0.000122 1 0.000065 1 -0.000122 -1 0.000065 -0.000011 6541.dat
1 0 -70.00676 -96.2234 118.005 -0.000011 0.000122 1 0.000065 1 -0.000122 -1 0.000065 -0.000011 6541.dat
1 0 -70.00304 -56.21496 -11.99254 0.000011 0.000122 -1 -0.000065 1 0.000122 1 0.000065 0.000011 32000.dat
1 0 -70.0017 -56.22284 108.0078 0.000011 0.000122 -1 -0.000065 1 0.000122 1 0.000065 0.000011 32000.dat
1 0 489.9896 -136.2913 107.996 -0.000011 0.000122 1 0.000065 1 -0.000122 -1 0.000065 -0.000011 32000.dat
1 7 489.9919 -112.287 47.99758 -0.000011 0.000122 1 0.000065 1 -0.000122 -1 0.000065 -0.000011 3460.dat
1 0 489.9883 -136.2835 -12.00411 -0.000011 0.000122 1 0.000065 1 -0.000122 -1 0.000065 -0.000011 32000.dat
1 0 489.9887 -136.2858 27.99589 -0.000011 0.000122 1 0.000065 1 -0.000122 -1 0.000065 -0.000011 32000.dat
1 0 489.9891 -136.2883 67.99604 -0.000011 0.000122 1 0.000065 1 -0.000122 -1 0.000065 -0.000011 32000.dat
1 0 489.9923 -104.2834 -12.00193 -0.000011 0.000122 1 0.000065 1 -0.000122 -1 0.000065 -0.000011 3666.dat
1 0 489.9936 -104.2912 107.9981 -0.000011 0.000122 1 0.000065 1 -0.000122 -1 0.000065 -0.000011 3666.dat
1 0 489.9933 -96.28286 -22.00129 -0.000011 0.000122 1 0.000065 1 -0.000122 -1 0.000065 -0.000011 6541.dat
1 0 489.9938 -96.28545 17.99864 -0.000011 0.000122 1 0.000065 1 -0.000122 -1 0.000065 -0.000011 6541.dat
1 0 489.9945 -96.28936 77.99869 -0.000011 0.000122 1 0.000065 1 -0.000122 -1 0.000065 -0.000011 6541.dat
1 0 489.995 -96.29195 117.9987 -0.000011 0.000122 1 0.000065 1 -0.000122 -1 0.000065 -0.000011 6541.dat
1 7 489.9965 -72.28352 -11.99967 -0.000011 0.000122 1 0.000065 1 -0.000122 -1 0.000065 -0.000011 3666.dat
1 7 489.9978 -72.29129 108.006 -0.000011 0.000122 1 0.000065 1 -0.000122 -1 0.000065 -0.000011 3666.dat
1 7 489.9981 -64.2874 48.00063 -0.000011 0.000122 1 0.000065 1 -0.000122 -1 0.000065 -0.000011 3460.dat
1 0 489.9985 -56.28351 -11.99876 -0.000011 0.000122 1 0.000065 1 -0.000122 -1 0.000065 -0.000011 32000.dat
1 0 489.9989 -56.28617 28.00139 -0.000011 0.000122 1 0.000065 1 -0.000122 -1 0.000065 -0.000011 32000.dat
1 0 489.9994 -56.28864 68.00136 -0.000011 0.000122 1 0.000065 1 -0.000122 -1 0.000065 -0.000011 32000.dat
1 0 489.9997 -56.2912 108.0013 -0.000011 0.000122 1 0.000065 1 -0.000122 -1 0.000065 -0.000011 32000.dat
1 0 589.9944 -86.7977 17.99895 0.000122 -1 0.000011 1 0.000122 -0.000065 0.000065 0.000011 1 2825.dat
1 8 579.9948 -86.79647 17.99845 -1 0.000122 -0.000011 0.000122 1 0.000065 0.000011 0.000065 -1 6587.dat
1 8 579.9954 -86.80035 77.99848 -1 0.000122 -0.000011 0.000122 1 0.000065 0.000011 0.000065 -1 6587.dat
1 0 574.9946 -86.79593 17.99808 -0.000011 -1 0.000122 0.000064 0.000122 1 -1 0.000011 0.000064 6632.dat
1 0 575.0002 -46.79969 78.00129 -0.00001 1 -0.000122 0.000065 -0.000122 -1 -1 -0.00001 -0.000065 6632.dat
1 0 489.9995 -46.78543 18.00149 1 0.000122 0.000011 -0.000122 1 -0.000065 -0.000011 0.000065 1 3708.dat
1 0 590 -46.79765 18.00024 0.000122 -1 0.000011 1 0.000122 -0.000065 0.000065 0.000011 1 2825.dat
1 7 529.9996 -46.29033 18.00112 -0.000011 0.000122 1 0.000065 1 -0.000122 -1 0.000065 -0.000011 3713.dat
1 7 564.9994 -46.7946 18.00073 -0.000011 0.000122 1 0.000065 1 -0.000122 -1 0.000065 -0.000011 32123a.dat
1 0 490.0008 -46.78932 78.0014 -1 -0.000122 0.000011 0.000122 -1 -0.000065 0.000011 -0.000065 1 3708.dat
1 7 530.0009 -46.29421 78.00097 -0.000011 0.000122 1 0.000065 1 -0.000122 -1 0.000065 -0.000011 3713.dat
1 7 565.0007 -46.79849 78.00058 -0.000011 0.000122 1 0.000065 1 -0.000122 -1 0.000065 -0.000011 32123a.dat
1 7 449.9996 -46.28056 18.00204 0.000011 0.000122 -1 -0.000065 1 0.000122 1 0.000065 0.000011 3713.dat
1 7 450.0006 -46.28444 78.00188 0.000011 0.000122 -1 -0.000065 1 0.000122 1 0.000065 0.000011 3713.dat
1 0 410.0005 -46.77954 78.00213 0.000123 1 -0.000011 1 -0.000122 0.000065 0.000065 -0.000011 -1 2825.dat
1 0 400.0002 -46.77443 18.00234 0.000122 -1 0.000011 1 0.000122 -0.000065 0.000065 0.000011 1 2825.dat
1 0 379.9993 -46.77006 -11.99733 -0.000011 0.000122 1 0.000065 1 -0.000122 -1 0.000065 -0.000011 32062.dat
1 0 379.9994 -46.7707 -1.99725 1 -0.000122 -0.000011 -0.000122 -1 0.000064 -0.000011 -0.000064 -1 32039.dat
1 0 379.999 -46.76814 -41.9973 -0.00001 -1 0.000123 0.000065 0.000123 1 -1 0.00001 0.000065 32054.dat
1 0 380.0011 -46.77716 98.00249 -1 -0.000122 0.000011 0.000122 -1 -0.000065 0.000011 -0.000065 1 32039.dat
1 0 380.001 -46.77781 108.0026 -0.000011 0.000122 1 0.000065 1 -0.000122 -1 0.000065 -0.000011 32062.dat
1 0 380.0015 -46.77978 138.0027 0.00001 1 0.000122 -0.000064 -0.000122 1 1 -0.00001 0.000064 32054.dat
1 0 559.995 -86.29404 17.99883 1 0.000122 0.000011 -0.000122 1 -0.000065 -0.000011 0.000065 1 32034.dat
1 0 559.9944 -86.79079 -32.0013 -0.000011 0.000122 1 0.000065 1 -0.000122 -1 0.000065 -0.000011 3705.dat
1 7 559.9944 -86.79177 -17.0013 1 0.000122 0.000011 -0.000122 1 -0.000065 -0.000011 0.000065 1 32123a.dat
1 7 559.994 -86.78984 -47.00138 -1 0.000122 -0.000011 0.000122 1 0.000065 0.000011 0.000065 -1 32123a.dat
1 0 559.9951 -86.79599 47.99887 0.000011 0.000122 -1 -0.000065 1 0.000122 1 0.000065 0.000011 32062.dat
1 0 559.9955 -86.29795 77.99886 1 0.000122 0.000011 -0.000122 1 -0.000065 -0.000011 0.000065 1 32034.dat
1 0 559.9957 -86.8012 127.9988 -0.000011 0.000122 1 0.000065 1 -0.000122 -1 0.000065 -0.000011 3705.dat
1 7 559.9955 -86.80022 112.9989 1 0.000122 0.000011 -0.000122 1 -0.000065 -0.000011 0.000065 1 32123a.dat
1 7 559.9957 -86.80215 142.9988 -1 0.000122 -0.000011 0.000122 1 0.000065 0.000011 0.000065 -1 32123a.dat
1 0 541.9951 -86.79375 47.99899 0.000011 1 0.000122 -0.000065 -0.000122 1 1 -0.000011 0.000065 2431.dat
1 0 529.9902 -126.1653 17.99644 -1 -0.000122 0.000011 0.000122 -1 -0.000065 0.000011 -0.000065 1 6536.dat
1 0 459.9901 -126.7818 17.99689 -1 -0.000122 0.000011 0.000122 -1 -0.000065 0.000011 -0.000065 1 3708.dat
1 7 574.99 -126.7958 17.99587 -0.000011 0.000122 1 0.000065 1 -0.000122 -1 0.000065 -0.000011 32123a.dat
1 0 569.9906 -126.7991 77.99552 -0.000123 -1 -0.000011 -1 0.000122 0.000065 -0.000065 0.000011 -1 2825.dat
1 0 459.9907 -126.7857 77.99715 -1 0.000122 -0.000011 0.000122 1 0.000065 0.000011 0.000065 -1 3708.dat
1 0 529.9911 -126.1692 77.99666 1 -0.000123 -0.000011 -0.000122 -1 0.000065 -0.000011 -0.000065 -1 6536.dat
1 7 449.9902 -127.2805 17.99693 -0.00001 -0.000122 -1 0.000065 -1 0.000122 -1 -0.000065 0.00001 3713.dat
1 7 449.9883 -126.2844 77.99722 0.000011 0.000122 -1 -0.000065 1 0.000122 1 0.000065 0.000011 3713.dat
1 0 409.9874 -126.7756 17.99764 0.000123 1 -0.000011 1 -0.000122 0.000065 0.000065 -0.000011 -1 2825.dat
1 0 409.9911 -126.7795 77.99789 -0.000122 1 0.000011 -1 -0.000122 -0.000065 -0.000065 -0.000011 1 2825.dat
1 0 389.991 -126.7771 77.99784 0.000123 1 -0.000011 1 -0.000122 0.000065 0.000065 -0.000011 -1 2825.dat
1 7 384.9903 -126.7726 17.99797 -0.000011 0.000122 1 0.000065 1 -0.000122 -1 0.000065 -0.000011 32123a.dat
1 0 -50.00074 -56.22121 48.00742 0.000011 0.000122 -1 -0.000065 1 0.000122 1 0.000065 0.000011 3894.dat
1 0 279.993 -86.62395 -12.00074 -1 0.000122 -0.000011 0.000122 1 0.000065 0.000011 0.000065 -1 6538b.dat
1 0 279.9925 -86.62136 -52.00064 0.000011 0.000122 -1 -0.000065 1 0.000122 1 0.000065 0.000011 3705.dat
1 0 279.9934 -86.62784 47.99929 0.000011 0.000122 -1 -0.000065 1 0.000122 1 0.000065 0.000011 3706.dat
1 0 279.9907 -106.6259 17.99803 1 0.000011 -0.000123 -0.000123 -0.000064 -1 -0.000011 1 -0.000064 32068.dat
1 0 279.9924 -106.6212 77.99805 -1 -0.000011 -0.000122 0.000122 0.000065 -1 0.000011 -1 -0.000065 32068.dat
1 7 279.9933 -86.62556 12.99949 -1 0.000122 -0.000011 0.000122 1 0.000065 0.000011 0.000065 -1 32123a.dat
1 7 279.9937 -86.12784 47.9995 1 0.000122 0.000011 -0.000122 1 -0.000065 -0.000011 0.000065 1 3713.dat
1 7 279.994 -86.6301 82.99937 -1 0.000122 -0.000011 0.000122 1 0.000065 0.000011 0.000065 -1 32123a.dat
1 0 279.9942 -86.63174 107.9994 -1 0.000122 -0.000011 0.000122 1 0.000065 0.000011 0.000065 -1 6538b.dat
1 0 279.9947 -86.63434 147.9994 0.000011 0.000122 -1 -0.000065 1 0.000122 1 0.000065 0.000011 3705.dat
1 0 279.9923 -65.99509 -62.00065 0 0 1 0 -1 0 1 0 0 32184.dat
1 0 279.9909 -86.62008 -102 0 0 1 -1 0 0 0 -1 0 32014.dat
1 0 279.9948 -66.00936 157.9994 0 0 1 0 -1 0 1 0 0 32184.dat
1 0 279.9935 -86.63565 197.9988 0 0 1 1 0 0 0 1 0 32014.dat
1 8 279.9992 -46.7577 -43.9957 0 0 -1 0 -1 0 -1 0 0 6587.dat
1 8 280.0009 -46.76574 140.0039 0 0 -1 0 1 0 1 0 0 6587.dat
1 0 209.9908 -86.62009 -101.9998 -1 0 0 0 1 0 0 0 -1 3706.dat
1 0 229.991 -86.62008 -82 -0.000001 1 0.000001 -1 -0.000001 0.000001 0.000001 -0.000001 1 32068.dat
1 0 219.991 -85.99505 -101.9992 -1 0 0 0 -1 0 0 0 1 6536.dat
1 0 199.991 -107.245 -102 -1 0 0 0 1 0 0 0 -1 32184.dat
1 0 209.9936 -86.6356 197.9988 -1 0 0 0 1 0 0 0 -1 3706.dat
1 0 229.9934 -86.63566 177.9989 -0.000001 1 0.000001 1 0.000001 -0.000001 -0.000001 0.000001 -1 32068.dat
1 0 219.9935 -86.01049 197.9989 -1 0 0 0 -1 0 0 0 1 6536.dat
1 0 199.9935 -107.2606 197.9988 -1 0 0 0 1 0 0 0 -1 32184.dat
1 0 159.991 -126.62 -102 -1 0 0 0 1 0 0 0 -1 32073.dat
1 0 179.991 -126.62 -102 0.000001 1 -0.000001 0.000001 0.000001 1 1 -0.000001 -0.000001 32140.dat
1 0 159.9936 -126.6356 197.9988 1 0 0 0 1 0 0 0 1 32073.dat
1 0 179.9936 -126.6357 197.9988 -0.000001 -1 0.000001 0.000001 0.000001 1 -1 0.000001 0.000001 32140.dat
1 0 124.347 -126.6202 -102 -0.000001 -1 -0.000001 1 -0.000001 0.000001 -0.000001 -0.000001 1 6632.dat
1 0 139.9908 -86.12009 -101.9998 0 0 1 0 1 0 -1 0 0 32034.dat
1 0 124.517 -126.6358 157.9987 -0.000001 -1 -0.000001 1 -0.000001 0.000001 -0.000001 -0.000001 1 6632.dat
1 0 139.9935 -86.1356 197.9989 0 0 1 0 1 0 -1 0 0 32034.dat
1 0 114.3471 -126.6202 -102 -0.000001 -1 -0.000001 1 -0.000001 0.000001 -0.000001 -0.000001 1 6632.dat
1 0 114.517 -126.6358 157.9986 -0.000001 -1 -0.000001 1 -0.000001 0.000001 -0.000001 -0.000001 1 6632.dat
1 0 99.98986 -86.62009 -101.9998 -1 0 0 0 1 0 0 0 -1 4519.dat
1 0 99.9934 -86.6356 197.9989 -1 0 0 0 1 0 0 0 -1 4519.dat
1 0 59.98941 -86.12008 -101.9998 0 0 1 0 1 0 -1 0 0 32034.dat
1 0 59.99333 -86.1356 197.9989 0 0 1 0 1 0 -1 0 0 32034.dat
1 0 49.99716 -72.23354 48.00489 -0.000011 0.000122 1 0.000065 1 -0.000122 -1 0.000065 -0.000011 4162.dat
1 0 -10.01014 -136.2263 48.00266 -0.000011 0.000122 1 0.000065 1 -0.000122 -1 0.000065 -0.000011 3894.dat
1 7 -10.00798 -112.2237 8.0035 0.000011 0.000122 -1 -0.000065 1 0.000122 1 0.000065 0.000011 3023.dat
1 7 -10.00686 -112.2289 88.00416 -0.000011 0.000122 1 0.000065 1 -0.000122 -1 0.000065 -0.000011 3023.dat
1 7 -10.00711 -104.2233 -1.99603 0.000011 0.000122 -1 -0.000065 1 0.000122 1 0.000065 0.000011 3623.dat
1 7 -10.00573 -104.2297 98.00452 -0.000011 0.000122 1 0.000065 1 -0.000122 -1 0.000065 -0.000011 3623.dat
1 0 24.9906 -126.7318 68.00201 -0.000123 -1 -0.000011 -1 0.000123 0.000064 -0.000064 0.000011 -1 6632.dat
1 0 19.99005 -126.7286 28.00219 -1 0.000122 -0.000011 0.000122 1 0.000065 0.000011 0.000065 -1 32062.dat
1 0 19.99052 -126.7311 68.00238 -1 0.000122 -0.000011 0.000122 1 0.000065 0.000011 0.000065 -1 32062.dat
1 0 -10.00981 -126.7249 28.00266 -1 0.00001 0.000123 0.000123 -0.000064 1 0.00001 1 0.000064 32054.dat
1 0 -10.00943 -126.7275 68.00264 -1 0.00001 0.000123 0.000123 -0.000064 1 0.00001 1 0.000064 32054.dat
1 47 40.00365 -176.2017 48.00786 -0.000033 -0.00026 1 -0.00015 1 0.00026 -1 -0.00015 -0.000033 32333.dat
1 0 260.011 -208.117 48.009 0 0 1 0 1 0 -1 0 0 32000.dat
1 0 190.004 -184.135 48.008 -1 0 0 0 1 0 0 0 -1 3738.dat
1 47 260.0022 -176.1172 48.00426 -0.000033 -0.00026 1 -0.00015 1 0.00026 -1 -0.00015 -0.000033 32333.dat
1 0 190.013 -216.137 38.008 -1 0 0 0 1 0 0 0 -1 4162.dat
1 0 110.011 -208.158 38.009 -1 0 0 0 1 0 0 0 -1 2744.dat
1 0 190.013 -216.134 58.008 -1 0 0 0 1 0 0 0 -1 4162.dat
1 0 110.011 -208.155 58.009 -1 0 0 0 1 0 0 0 -1 2744.dat
